5.565158670517678444e-03
3.644214740676216327e-03
3.644214740676216327e-03
3.644214740676216327e-03
3.644214740676216327e-03
3.644214740676216327e-03
4.045078362150600002e-03
3.644214740676216327e-03
3.644214740676216327e-03
3.644214740676216327e-03
4.445941983624984543e-03
6.544767418599341767e-03
4.045078362150600002e-03
1.021690656011007593e-02
4.053417944966298050e-03
5.290737317879074843e-03
4.049127497617021829e-03
8.167889401406567065e-03
1.022596863247936944e-02
1.016399800437427225e-02
4.045078362150600002e-03
4.464621817199979775e-03
4.053095634580087744e-03
4.053095634580087744e-03
4.045078362150600002e-03
3.644214740676216327e-03
6.246166913890117273e-03
6.353257811301099393e-03
8.062891739777984512e-03
6.560362072695998664e-03
1.224720745484209061e-02
4.450695498649851617e-03
6.340593679163055059e-03
1.766849692985237585e-01
1.685013100607107572e-01
1.001782890350750785e-02
4.049127084727491103e-03
4.254175348198677153e-03
4.254175348198677153e-03
3.301854537084007030e-02
7.397064433147713079e-03
4.045078362150600002e-03
5.296801170666941803e-03
2.075482391045461658e-02
5.280766625807967185e-03
5.653286363073001773e-03
4.858952987568288147e-03
4.069579175078663624e-03
5.296670852429880005e-03
8.275388422290884394e-03
4.069335391870122602e-03
5.296183286012796226e-03
4.049086998365343873e-03
4.867593664983210777e-03
4.801848308226465689e-01
3.400512225918380510e-02
4.073789124970039061e-03
2.060678055490221816e-01
1.437761792891714165e-02
9.211348145533870824e-03
4.859576392553722167e-03
5.333801515032068202e-03
8.179498998086150510e-03
4.896356103873783852e-03
4.505719967294890931e-03
4.478975649474595255e-03
4.478975649474595255e-03
6.983258375869730306e-03
6.115438670105778976e-03
3.644214740676216327e-03
3.644214740676216327e-03
3.644214740676216327e-03
3.644214740676216327e-03
3.644214740676216327e-03
2.846043034819265710e-02
4.057184844382748755e-03
3.644214740676216327e-03
3.644214740676216327e-03
3.644214740676216327e-03
3.644214740676216327e-03
3.644214740676216327e-03
3.644214740676216327e-03
3.644214740676216327e-03
3.516251148928295489e-02
3.644214740676216327e-03
3.644214740676216327e-03
3.644214740676216327e-03
4.875153510208952469e-03
5.276015986501818820e-03
4.453959256054471419e-03
5.704994046602071718e-03
4.057189343681711670e-03
3.644214740676216327e-03
4.045078362150600002e-03
4.045078362150600002e-03
4.045078362150600002e-03
4.045078362150600002e-03
3.644214740676216327e-03
4.870942495274711501e-03
3.644214740676216327e-03
3.644214740676216327e-03
3.644214740676216327e-03
3.644214740676216327e-03
3.644214740676216327e-03
3.644214740676216327e-03
3.644214740676216327e-03
3.644214740676216327e-03
3.644214740676216327e-03
3.644214740676216327e-03
3.644214740676216327e-03
1.184588443604210964e-02
3.644214740676216327e-03
3.644214740676216327e-03
3.644214740676216327e-03
3.644214740676216327e-03
3.644214740676216327e-03
4.469352153573501359e-03
3.644214740676216327e-03
3.644214740676216327e-03
3.644214740676216327e-03
3.644214740676216327e-03
3.644214740676216327e-03
8.129919953927582099e-03
4.462310111796587327e-03
4.045078362150600002e-03
4.846805605099367351e-03
4.045078362150600002e-03
4.870942495274711501e-03
4.051172962491991075e-03
7.725047696238454553e-03
8.234380782747234562e-02
2.394291582497466014e-02
3.336210439709689363e-02
6.923279164336674542e-03
7.720686755498232592e-03
6.507790498634600899e-03
2.283459434742058369e-01
3.644214740676216327e-03
3.644214740676216327e-03
3.644214740676216327e-03
3.644214740676216327e-03
3.644214740676216327e-03
3.644214740676216327e-03
3.644214740676216327e-03
3.644214740676216327e-03
3.644214740676216327e-03
3.644214740676216327e-03
3.644214740676216327e-03
4.871259905498335346e-03
4.090368630012035205e-03
1.392454066515288330e-02
4.871259905498335346e-03
4.470154948089279448e-03
4.053262426236402260e-03
1.232475611825540815e-02
3.644214740676216327e-03
4.462218650111329787e-03
4.450195627969008062e-03
4.049329568662539749e-03
4.462061601370840083e-03
4.462061601370840083e-03
4.045078362150600002e-03
4.045078362150600002e-03
3.644214740676216327e-03
3.644214740676216327e-03
3.644214740676216327e-03
3.644214740676216327e-03
3.644214740676216327e-03
3.644214740676216327e-03
4.045078362150600002e-03
4.536014089398750226e-03
4.049127489640240267e-03
4.454040238604264207e-03
4.883378915404988641e-03
4.925138492682275097e-03
6.949218585978709194e-03
4.854983635866975608e-03
4.854863376780533049e-03
4.057104270794831616e-03
3.644214740676216327e-03
3.644214740676216327e-03
3.644214740676216327e-03
3.644214740676216327e-03
3.644214740676216327e-03
5.648532848048136434e-03
5.295934409190131836e-03
1.042571424903186890e-02
3.644214740676216327e-03
5.092583632985261781e-03
6.855252607772473021e-03
3.644214740676216327e-03
3.644214740676216327e-03
4.466067742604726623e-03
3.644214740676216327e-03
4.045078362150600002e-03
3.644214740676216327e-03
3.644214740676216327e-03
3.644214740676216327e-03
3.644214740676216327e-03
3.644214740676216327e-03
4.057104270794831616e-03
4.470407604978698241e-03
5.705796239953291570e-03
3.644214740676216327e-03
4.254175348198677153e-03
3.644214740676216327e-03
4.884395573431600523e-03
3.644214740676216327e-03
3.644214740676216327e-03
5.251677862788495764e-03
5.676875918662272619e-03
3.644214740676216327e-03
4.053178212486112202e-03
3.644214740676216327e-03
8.147820029364517824e-03
4.057225768549864615e-03
5.280951378119592803e-03
3.644214740676216327e-03
5.276617220438684606e-03
4.470567687266378300e-03
4.469993800913446905e-03
6.961691580614227590e-03
4.482543257731023446e-03
3.644214740676216327e-03
6.119154400526454797e-03
6.899429394339344490e-03
4.049127489640240267e-03
4.867495808361928938e-03
4.470567687266378300e-03
2.412286508172228547e-02
7.145919435739759955e-03
4.049128287318355668e-03
4.883504037129939197e-03
5.280700388983239867e-03
8.979007229435441786e-03
4.912993299563152109e-03
4.466856183643526552e-03
6.961691580614227590e-03
4.069827758749102430e-03
4.867495808361928938e-03
4.867495808361928938e-03
4.867495808361928938e-03
4.495440776821988532e-03
4.871955460611012735e-03
3.644214740676216327e-03
3.644214740676216327e-03
4.057104270794831616e-03
3.644214740676216327e-03
4.057104270794831616e-03
4.045078362150600002e-03
3.644214740676216327e-03
4.866931364079110298e-03
3.644214740676216327e-03
5.283746952506445868e-03
5.313268930247454919e-03
4.921053794894874635e-03
4.536014089398750226e-03
6.166157069665607719e-03
6.139693120088508468e-03
5.889294291864710998e-03
6.304077194687112730e-03
3.644214740676216327e-03
3.644214740676216327e-03
3.644214740676216327e-03
4.057184844382748755e-03
4.458088953082900603e-03
4.495093523812078266e-03
4.470154948089279448e-03
4.053175807304383073e-03
4.254175348198677153e-03
4.050663512140189985e-03
4.050663512140189985e-03
4.050663512140189985e-03
6.765757093050127347e-03
9.766861621100256241e-03
3.644214740676216327e-03
3.644214740676216327e-03
3.644214740676216327e-03
3.644214740676216327e-03
3.644214740676216327e-03
3.644214740676216327e-03
3.644214740676216327e-03
3.644214740676216327e-03
4.945387405424199294e-03
1.158145081263711393e-02
5.985231731330913074e-03
4.057184844382748755e-03
4.057232162493236774e-03
4.053177410758868580e-03
4.053175807304383073e-03
4.053216695393773057e-03
4.049086998365343873e-03
4.053175807304383073e-03
3.644214740676216327e-03
7.088714779902769401e-03
3.644214740676216327e-03
4.878874694817318322e-03
4.878874694817318322e-03
3.644214740676216327e-03
3.644214740676216327e-03
3.644214740676216327e-03
3.644214740676216327e-03
3.644214740676216327e-03
3.644214740676216327e-03
4.458911905308036300e-03
3.644214740676216327e-03
3.644214740676216327e-03
3.644214740676216327e-03
6.074095308999823833e-03
6.085848636216771579e-03
3.644214740676216327e-03
3.644214740676216327e-03
3.644214740676216327e-03
4.449991119091405503e-03
6.094217734758641813e-03
6.502576421617540722e-03
4.846805605099367351e-03
4.045078362150600002e-03
4.887783552399834787e-03
5.330838592955858095e-03
5.284348247938657796e-03
4.465985164698703033e-03
3.644214740676216327e-03
3.644214740676216327e-03
3.644214740676216327e-03
4.053176609031625827e-03
4.084471233931182693e-03
4.114910294087861971e-03
4.115104777557250862e-03
4.673619776051744085e-03
4.202729739170709550e-03
4.045078362150600002e-03
4.049127084727491103e-03
4.462138477387035326e-03
4.513735105442062689e-03
5.506367803816154122e-03
5.977257840697188657e-03
4.761244737665202773e-03
5.950642374764219568e-03
4.202729739170709550e-03
4.053296066390824764e-03
6.534690187656477280e-03
5.762762269007793738e-03
4.473400876150392461e-03
5.758417207154888778e-03
3.644214740676216327e-03
3.644214740676216327e-03
3.644214740676216327e-03
3.644214740676216327e-03
3.644214740676216327e-03
3.644214740676216327e-03
3.644214740676216327e-03
6.061462464528898086e-03
1.057202284180070763e-02
3.644214740676216327e-03
3.644214740676216327e-03
3.644214740676216327e-03
3.644214740676216327e-03
4.045078362150600002e-03
6.056913078635343256e-02
7.333448482023600945e-03
4.445941983624984543e-03
4.049167171089639201e-03
3.644214740676216327e-03
3.644214740676216327e-03
3.644214740676216327e-03
3.644214740676216327e-03
3.644214740676216327e-03
3.644214740676216327e-03
3.644214740676216327e-03
6.191078856860278076e-03
4.917009256820652381e-03
1.261832857832327348e-01
4.921038217049446099e-03
4.445941983624984543e-03
4.948886833764607265e-03
4.393442291212215634e-02
7.042119107273358929e-03
4.090368630012035205e-03
4.462057502935497244e-03
4.445941983624984543e-03
3.644214740676216327e-03
3.644214740676216327e-03
3.644214740676216327e-03
4.846805605099367351e-03
2.114872634715124836e-02
2.482925166596343033e-02
5.730549545001794275e-03
1.379055717961875059e-02
3.644214740676216327e-03
3.644214740676216327e-03
6.498363725573828506e-03
4.057555446688043341e-03
4.891923194420522494e-03
3.644214740676216327e-03
3.644214740676216327e-03
3.644214740676216327e-03
3.644214740676216327e-03
3.644214740676216327e-03
4.045078362150600002e-03
4.045078362150600002e-03
4.045078362150600002e-03
4.049167980915136661e-03
4.045078362150600002e-03
4.045078362150600002e-03
4.049167980915136661e-03
4.453959256054471419e-03
2.282398618934365631e-02
4.458340446539742555e-03
4.049210153732208523e-03
4.862922785789975180e-03
4.462059164315591506e-03
3.644214740676216327e-03
4.045078362150600002e-03
4.867171129786899975e-03
8.745998912997625038e-03
1.144250691850338432e-02
3.644214740676216327e-03
5.326687247258584355e-03
4.961817981056637281e-03
5.742987729540733992e-03
5.664687651993552744e-03
4.049210153732208523e-03
4.474607340332995530e-03
6.916564576185155189e-03
7.398961781522160261e-03
5.314194821852657492e-03
4.049210153732208523e-03
5.301800280997845394e-03
3.644214740676216327e-03
5.348281893656731817e-03
5.348281893656731817e-03
4.089269050861007657e-03
4.079605237509778375e-03
3.644214740676216327e-03
4.079605237509778375e-03
6.640310087666138200e-03
6.666129153088643997e-03
6.230738656255082816e-03
2.734121469391264173e-02
4.514995734343340422e-03
3.644214740676216327e-03
4.079605237509778375e-03
7.497527320145182424e-03
6.198402729088425475e-03
1.090060260766296217e-02
5.348281893656731817e-03
4.534323361045798986e-03
3.644214740676216327e-03
2.670392425322833455e-02
3.644214740676216327e-03
7.016438375716145537e-03
4.984209814582038836e-03
8.283295149847994671e-03
5.656550120477623310e-03
3.644214740676216327e-03
7.565540430039296646e-03
1.949019090941998128e-02
1.099891054020131313e-02
9.406858175692730042e-03
4.061153795098965472e-03
7.464184207166609832e-03
3.644214740676216327e-03
3.644214740676216327e-03
3.644214740676216327e-03
3.644214740676216327e-03
3.644214740676216327e-03
4.049169175407746520e-03
9.120285105555519731e-03
3.644214740676216327e-03
1.428648694232406702e-02
5.255686499003239635e-03
6.161115928106561217e-03
7.403172917326610904e-03
8.382933890810432762e-03
6.580614591411091362e-03
4.475305982132332661e-03
3.644214740676216327e-03
6.548305035269911915e-03
4.065739675052585517e-03
4.907136173876057959e-03
8.161852870218679057e-03
4.053095634580087744e-03
8.286617742279784107e-03
4.676539078750520384e-03
8.660224591072842801e-03
7.403172917326610904e-03
7.993858187429467299e-03
2.805345023615063785e-02
3.644214740676216327e-03
3.644214740676216327e-03
8.326704166529331000e-03
7.389710428735989274e-03
3.644214740676216327e-03
4.462631215397374305e-03
9.915794750370054630e-03
3.644214740676216327e-03
1.020391994271105558e-02
3.644214740676216327e-03
3.644214740676216327e-03
3.644214740676216327e-03
3.644214740676216327e-03
3.644214740676216327e-03
9.041444335669552093e-03
5.251677862788495764e-03
3.644214740676216327e-03
5.381014636160369978e-03
3.644214740676216327e-03
5.251677862788495764e-03
3.644214740676216327e-03
1.321211935928157631e-02
3.104745146947425483e-02
6.961680001584444853e-03
1.149905753771838721e-02
4.065739675052585517e-03
1.535447281223046440e-02
4.045078362150600002e-03
5.284855164530683110e-03
3.644214740676216327e-03
4.882883331032062194e-03
3.644214740676216327e-03
3.644214740676216327e-03
4.470241534631518542e-03
4.053338630090152876e-03
4.859192291002926642e-03
4.470241534631518542e-03
3.644214740676216327e-03
3.644214740676216327e-03
3.644214740676216327e-03
5.284855164530683110e-03
3.644214740676216327e-03
4.883746005907256028e-03
5.297250477182992648e-03
5.297250477182992648e-03
9.817405593978955833e-03
3.644214740676216327e-03
4.049373533522400946e-03
4.049086998365343873e-03
3.644214740676216327e-03
3.644214740676216327e-03
3.644214740676216327e-03
3.644214740676216327e-03
4.084746628943467829e-03
4.816175077432823838e-03
4.482693754309933359e-03
3.644214740676216327e-03
3.644214740676216327e-03
3.644214740676216327e-03
1.118677260300984452e-02
5.288698043803218528e-03
4.053176617129880532e-03
4.053176617129880532e-03
3.644214740676216327e-03
4.053176617129880532e-03
3.644214740676216327e-03
3.644214740676216327e-03
4.053176617129880532e-03
3.644214740676216327e-03
3.644214740676216327e-03
3.644214740676216327e-03
5.014101595377337683e-03
9.315268802390152397e-03
3.644214740676216327e-03
4.058368636331572202e-03
4.045078362150600002e-03
3.644214740676216327e-03
6.160635532823336043e-03
3.644214740676216327e-03
7.140231023743338380e-03
4.746126494508374344e-02
1.119285016136992682e-02
4.053417944966298050e-03
4.445941983624984543e-03
3.644214740676216327e-03
4.049127489640240267e-03
4.458179061202508821e-03
4.078675265156197702e-03
4.045078362150600002e-03
3.644214740676216327e-03
4.908080377229971647e-03
3.644214740676216327e-03
5.892695390352476782e-03
4.049086998365343873e-03
3.644214740676216327e-03
4.049086998365343873e-03
4.049086998365343873e-03
4.049086998365343873e-03
4.049086998365343873e-03
4.045078362150600002e-03
3.644214740676216327e-03
4.049086998365343873e-03
3.644214740676216327e-03
4.445941983624984543e-03
3.644214740676216327e-03
3.644214740676216327e-03
4.926792318597562545e-03
6.220198678029312950e-03
3.644214740676216327e-03
3.644214740676216327e-03
4.057393174806766568e-03
6.626732588159375131e-03
1.154516751907899881e-02
4.879890594137301432e-03
5.689437299218991044e-03
4.875696006292858271e-03
3.644214740676216327e-03
3.644214740676216327e-03
4.057393174806766568e-03
4.470571608937316810e-03
3.644214740676216327e-03
4.454040238604264207e-03
9.636597525806599868e-03
3.644214740676216327e-03
4.066137442544301601e-03
6.049396469522519242e-03
3.644214740676216327e-03
3.644214740676216327e-03
4.057393174806766568e-03
3.644214740676216327e-03
4.872083912511749465e-03
4.066137442544301601e-03
3.644214740676216327e-03
3.644214740676216327e-03
4.458171547516090981e-03
3.644214740676216327e-03
4.462143499238899365e-03
4.454040238769592895e-03
3.644214740676216327e-03
3.644214740676216327e-03
6.143059117143812205e-03
9.292992719583958311e-03
6.582871405105873881e-03
3.644214740676216327e-03
6.086257903960220345e-03
4.513135789636178209e-03
5.681545219360479085e-03
4.466227711241512431e-03
5.259897972210449656e-03
4.466639280055652826e-03
3.644214740676216327e-03
4.904357030276048843e-03
6.503353680482999721e-03
5.713944383743108785e-03
9.546067591346954137e-03
9.519485869707149453e-03
7.003905041235936914e-03
3.644214740676216327e-03
4.947596314116158717e-03
3.644214740676216327e-03
3.644214740676216327e-03
5.300150017584493757e-03
4.057104270794831616e-03
4.474370957347263179e-03
7.329162554938355861e-03
3.644214740676216327e-03
3.644214740676216327e-03
4.919660964971804031e-03
5.742971858260085757e-03
1.650622961725214249e-02
4.045078362150600002e-03
4.045078362150600002e-03
3.644214740676216327e-03
3.644214740676216327e-03
3.644214740676216327e-03
4.850814241314111222e-03
4.045078362150600002e-03
4.462016614846106392e-03
6.057413741952006984e-03
3.644214740676216327e-03
5.295933206599268139e-03
3.644214740676216327e-03
3.644214740676216327e-03
4.862880236320490934e-03
3.644214740676216327e-03
4.065737195292538908e-03
3.644214740676216327e-03
3.644214740676216327e-03
4.057104270794831616e-03
3.644214740676216327e-03
4.057104270794831616e-03
3.644214740676216327e-03
3.644214740676216327e-03
4.478913858131323110e-03
4.482795202401980948e-03
3.644214740676216327e-03
4.049127489640240267e-03
5.068673378601800186e-03
3.644214740676216327e-03
4.045078362150600002e-03
8.637729593228568939e-03
1.102339764628805854e-02
4.049086998365343873e-03
4.478500320177399192e-03
9.387378303239657384e-03
3.644214740676216327e-03
3.644214740676216327e-03
1.708465721464854856e-02
3.644214740676216327e-03
5.251799134230841423e-03
8.260201297364067052e-02
4.169695998414433419e-02
5.272131568296966123e-03
1.156297455822664390e-02
4.471683069825690103e-03
3.644214740676216327e-03
7.309777550741241615e-03
6.925120684386060731e-03
8.513180680144616375e-03
4.065739675052585517e-03
4.854905455434879551e-03
4.057104270794831616e-03
5.272081821121541931e-03
4.057104270794831616e-03
4.057104270794831616e-03
4.057185269298186660e-03
1.606057303028187583e-02
4.057104270794831616e-03
4.479204781264436476e-03
3.644214740676216327e-03
5.280932024213203825e-03
3.644214740676216327e-03
3.644214740676216327e-03
4.478676329295723513e-03
5.280932024213203825e-03
3.644214740676216327e-03
3.644214740676216327e-03
3.644214740676216327e-03
4.478676329295723513e-03
5.280932024213203825e-03
3.644214740676216327e-03
4.045078362150600002e-03
3.644214740676216327e-03
4.454291884030865852e-03
4.458089366093904472e-03
4.858955380602635217e-03
5.280983609666520771e-03
4.146735506068156482e-03
3.644214740676216327e-03
4.500858448721227652e-03
8.633340484891212016e-03
4.570819465194078841e-03
4.080038524981271369e-03
4.462235926917620076e-03
6.194577999718268828e-03
6.928059872984204323e-03
5.084119109340685255e-02
6.112270570279638993e-03
8.581683903529823548e-03
2.191859866045172897e-02
4.887463778437907760e-03
3.644214740676216327e-03
3.644214740676216327e-03
7.228510043320555967e-03
4.883991543056298568e-03
4.462138898496293901e-03
4.475213972444879416e-03
4.467071908311295511e-03
4.462434170238291711e-03
4.928171844925415511e-03
4.924076130611304211e-03
1.063640346298659438e-02
6.214479058483563662e-03
4.478508360917291681e-03
5.272533605291582735e-03
4.462465842798125221e-03
4.462467446889527463e-03
4.462307005667421819e-03
4.462307037749250332e-03
4.478508360917291681e-03
4.462434170238291711e-03
4.879744777512443413e-03
6.112515117719245598e-03
5.298700178813939288e-03
2.043732992376327481e-02
3.369256464662594847e-02
9.044084077836446467e-03
1.739605610592807536e-02
6.957737385791218712e-03
3.644214740676216327e-03
3.644214740676216327e-03
3.644214740676216327e-03
7.611041419962368514e-03
3.644214740676216327e-03
3.644214740676216327e-03
3.644214740676216327e-03
3.644214740676216327e-03
3.644214740676216327e-03
4.445941983624984543e-03
3.644214740676216327e-03
3.644214740676216327e-03
3.005441394351026155e-02
3.644214740676216327e-03
4.454039428778766747e-03
4.097603968240712442e-03
3.644214740676216327e-03
5.757286368184785959e-03
3.644214740676216327e-03
7.296101167919477951e-03
3.644214740676216327e-03
3.477466466517185190e-02
1.311392760968724258e-02
8.896775349645837452e-03
4.445941983624984543e-03
3.644214740676216327e-03
4.097603968240712442e-03
3.644214740676216327e-03
4.550993195805207690e-03
4.458171547516090981e-03
3.644214740676216327e-03
1.143592150049397953e-02
3.644214740676216327e-03
4.045078362150600002e-03
3.644214740676216327e-03
4.356382861401020615e-03
3.644214740676216327e-03
1.627569550485194472e-02
4.454039428778766747e-03
1.712445098899532600e-02
1.270187252194678734e-02
4.097603968240712442e-03
3.644214740676216327e-03
4.467247572918617640e-03
5.301964109341566339e-03
3.698257630719796463e-02
2.516786928216025246e-02
6.532384378111807076e-03
5.346652772758700260e-03
8.661060774192558959e-03
5.297250477182992648e-03
4.454039428778766747e-03
3.644214740676216327e-03
4.769354568562038550e-03
3.644214740676216327e-03
9.042970923685784979e-03
4.465985164698703033e-03
3.644214740676216327e-03
3.644214740676216327e-03
3.644214740676216327e-03
2.650370928792480582e-02
4.469993800913446905e-03
4.332232082327530653e-02
3.644214740676216327e-03
3.644214740676216327e-03
3.644214740676216327e-03
4.885306548802185837e-03
3.644214740676216327e-03
5.398025600694470599e-03
3.644214740676216327e-03
4.458090163931555452e-03
3.644214740676216327e-03
1.359085865467846675e-02
8.306826589090437682e-03
3.644214740676216327e-03
3.644214740676216327e-03
3.644214740676216327e-03
7.809974985374213557e-03
5.272009947874149206e-03
3.644214740676216327e-03
4.045078362150600002e-03
3.644214740676216327e-03
3.644214740676216327e-03
1.940935243046722214e-02
4.053179047935348903e-03
6.576934401610332222e-03
4.495366462213575345e-03
4.061481427228647891e-03
1.089490805337877712e-02
5.372010018069341142e-03
5.816469664231898110e-03
5.816469664231898110e-03
1.103339844088129830e-02
6.094339294444119960e-03
4.877201788720685396e-03
1.199606738644277797e-02
4.049086998365343873e-03
6.654237975424395247e-03
2.562155415031554945e-02
5.857269884905572446e-03
3.644214740676216327e-03
4.084746628943467829e-03
4.480902146455655911e-03
3.644214740676216327e-03
3.644214740676216327e-03
3.644214740676216327e-03
4.454449272313032449e-03
4.445941983624984543e-03
3.644214740676216327e-03
3.644214740676216327e-03
3.644214740676216327e-03
5.247669226573751892e-03
5.247669226573751892e-03
3.644214740676216327e-03
3.644214740676216327e-03
3.644214740676216327e-03
1.222579720745806467e-02
3.644214740676216327e-03
1.700499924441742708e-02
5.297250477182992648e-03
5.952325654126548564e-03
1.275596096643015660e-02
4.020470095114774683e-02
5.728730130166127463e-03
5.268328148280279621e-03
2.612831459015444932e-02
9.008966146163277858e-03
3.644214740676216327e-03
2.621332710950788347e-02
3.945383358452034944e-02
1.952780395884495465e-02
1.749629919062393318e-02
3.644214740676216327e-03
4.053225333796917768e-03
4.450032089556191055e-03
7.994851029225848171e-03
6.077751990479789493e-03
4.513783719008589157e-03
1.425091028851204096e-02
4.049127084727491103e-03
4.458580639990521698e-03
3.644214740676216327e-03
7.354641083209325150e-03
4.470238826477076523e-03
5.255769134834871979e-03
4.470317768424578869e-03
3.644214740676216327e-03
3.644214740676216327e-03
3.644214740676216327e-03
3.644214740676216327e-03
3.644214740676216327e-03
3.644214740676216327e-03
3.644214740676216327e-03
4.445941983624984543e-03
3.644214740676216327e-03
3.644214740676216327e-03
3.644214740676216327e-03
4.855312893787416990e-03
3.644214740676216327e-03
3.644214740676216327e-03
3.644214740676216327e-03
6.173362342524164360e-03
4.254175348198677153e-03
4.254175348198677153e-03
4.924024876095569291e-03
2.455391334548390897e-02
4.119566243162954902e-03
4.254175348198677153e-03
8.887571486197379592e-03
4.254175348198677153e-03
4.202729739170709550e-03
3.644214740676216327e-03
3.644214740676216327e-03
3.644214740676216327e-03
3.644214740676216327e-03
5.264203166524579133e-03
3.644214740676216327e-03
3.644214740676216327e-03
3.644214740676216327e-03
1.002660078074975661e-02
4.920691948690924904e-03
3.644214740676216327e-03
6.119104876430301806e-03
3.644214740676216327e-03
3.644214740676216327e-03
1.940935243046722214e-02
4.069790601444895836e-03
6.521163936220702485e-03
4.466904584340010247e-03
3.644214740676216327e-03
4.887522700976985705e-03
4.491059572946139687e-03
4.846805605099367351e-03
3.644214740676216327e-03
4.045078362150600002e-03
3.644214740676216327e-03
2.062223186355275489e-02
4.066066092039245274e-03
3.644214740676216327e-03
5.247669226573751892e-03
6.933509543053915231e-03
9.877103958115784552e-03
3.644214740676216327e-03
4.904538225520817252e-03
3.644214740676216327e-03
2.104329901154944338e-02
8.603321950196545290e-03
3.644214740676216327e-03
3.644214740676216327e-03
9.058166812151938890e-03
3.644214740676216327e-03
7.769422096544805791e-03
3.644214740676216327e-03
4.045078362150600002e-03
3.644214740676216327e-03
3.644214740676216327e-03
3.644214740676216327e-03
3.644214740676216327e-03
4.462426105216333282e-03
6.951499963288471431e-03
3.644214740676216327e-03
6.512337638531965137e-03
4.049127084727491103e-03
4.049086998365343873e-03
4.045078362150600002e-03
7.776095933908150695e-03
4.859033970118081802e-03
3.644214740676216327e-03
3.644214740676216327e-03
3.644214740676216327e-03
6.098232481935878663e-03
3.644214740676216327e-03
3.644214740676216327e-03
4.453999342416618649e-03
3.644214740676216327e-03
3.644214740676216327e-03
3.644214740676216327e-03
4.846805605099367351e-03
3.644214740676216327e-03
4.045078362150600002e-03
4.045078362150600002e-03
4.045078362150600002e-03
4.454199774227356537e-03
4.049086998365343873e-03
4.846805605099367351e-03
4.045078362150600002e-03
4.045078362150600002e-03
3.644214740676216327e-03
3.644214740676216327e-03
3.644214740676216327e-03
3.644214740676216327e-03
1.491827712298509842e-02
1.491827712298509842e-02
3.644214740676216327e-03
3.644214740676216327e-03
3.644214740676216327e-03
3.644214740676216327e-03
3.644214740676216327e-03
4.045078362150600002e-03
4.850814241314111222e-03
4.449950619839727547e-03
3.644214740676216327e-03
4.445941983624984543e-03
3.644214740676216327e-03
3.644214740676216327e-03
3.644214740676216327e-03
4.854862963891003191e-03
3.644214740676216327e-03
4.449950619839727547e-03
4.449950619839727547e-03
3.644214740676216327e-03
4.049086998365343873e-03
4.045078362150600002e-03
3.644214740676216327e-03
3.644214740676216327e-03
4.045078362150600002e-03
1.178635698998040451e-02
3.644214740676216327e-03
4.854903050253150422e-03
4.053135720942234975e-03
3.644214740676216327e-03
3.644214740676216327e-03
3.644214740676216327e-03
4.453959256054471419e-03
4.462621149256379774e-03
4.478173022246010812e-03
3.644214740676216327e-03
4.049127489640240267e-03
3.644214740676216327e-03
8.158505137911298624e-03
4.061193881461113570e-03
4.053095634580087744e-03
5.255766671727534964e-03
4.049127489640240267e-03
4.478173022246010812e-03
4.045078362150600002e-03
3.644214740676216327e-03
4.045078362150600002e-03
6.089644780573033253e-03
4.049127489640240267e-03
4.458008383544111684e-03
3.644214740676216327e-03
4.454281566440681725e-03
4.478173022246010812e-03
5.773966960849161688e-03
4.462136873932548951e-03
3.644214740676216327e-03
6.968490163480594440e-03
7.053455520619122607e-03
4.049086998365343873e-03
4.066083215135750210e-03
4.049127497617021829e-03
9.754654705895451222e-03
4.049086998365343873e-03
7.333796303093464454e-03
3.644214740676216327e-03
1.429610750930475523e-02
4.850814241314111222e-03
4.449950619839727547e-03
5.709926306639912831e-03
5.648532848048136434e-03
4.462136873932548951e-03
3.644214740676216327e-03
6.483069273051655229e-03
3.644214740676216327e-03
3.644214740676216327e-03
4.490981535105912498e-03
3.644214740676216327e-03
9.293108406971126514e-03
4.049127489640240267e-03
7.423928190593276182e-03
6.484239744308129168e-03
3.644214740676216327e-03
3.644214740676216327e-03
1.021023559626812842e-02
4.875317251015774678e-03
4.474162782576780566e-03
3.644214740676216327e-03
1.109300284191164221e-02
4.884277113510656840e-03
5.315476671857150177e-03
7.583501918733600786e-03
5.281006998685808078e-03
4.889122810602164471e-03
5.255927017176123886e-03
4.445941983624984543e-03
6.946501206165859449e-03
3.644214740676216327e-03
6.062042217553811028e-03
5.656671181291307755e-03
4.049167171089639201e-03
4.854822877528855093e-03
3.644214740676216327e-03
3.644214740676216327e-03
3.644214740676216327e-03
4.445941983624984543e-03
3.644214740676216327e-03
4.469993800913446905e-03
5.197615444043750255e-02
3.644214740676216327e-03
4.049127489640240267e-03
3.644214740676216327e-03
6.077298988259116110e-03
5.967546609092481968e-03
3.644214740676216327e-03
4.445941983624984543e-03
4.875067729081901911e-03
5.722786050877182347e-03
9.433954446190460918e-03
3.488778065885232704e-02
4.846805605099367351e-03
4.466435861960178083e-03
4.920942322982254855e-03
4.049127489640240267e-03
1.380992913220329375e-02
5.313782060580894001e-03
5.375507635047228200e-03
3.644214740676216327e-03
3.644214740676216327e-03
3.644214740676216327e-03
3.644214740676216327e-03
4.162180942866143367e-03
3.644214740676216327e-03
5.719517440070653880e-03
1.100689329488682526e-02
4.061273252458165277e-03
4.907921176377883637e-03
4.090114415037483277e-03
4.053225333796917768e-03
5.280059007188881576e-03
3.644214740676216327e-03
1.667515092215235764e-02
4.445941983624984543e-03
4.049207257451786432e-03
6.494879912278746746e-03
6.094296033482608094e-03
3.644214740676216327e-03
4.453959256054471419e-03
7.852535354495563877e-03
3.644214740676216327e-03
3.644214740676216327e-03
6.222704594244911347e-02
4.479204781264436476e-03
8.955144508076033627e-02
6.174110748134576873e-03
4.543607000546720509e-03
4.543607000546720509e-03
4.543607000546720509e-03
4.543607000546720509e-03
7.162106608433906237e-03
8.527465586763028488e-03
3.644214740676216327e-03
5.263956258281836213e-03
4.053225333796917768e-03
4.057393898837108326e-03
4.049210153732208523e-03
3.644214740676216327e-03
4.462639059118989233e-03
4.045078362150600002e-03
4.078204893902124401e-03
4.084746628943467829e-03
4.073731877856269154e-03
4.479068515376508075e-03
8.027673252335871742e-03
4.470487936548043530e-03
7.016032748366674357e-03
6.509566311243085608e-03
4.073731877856269154e-03
4.466680133920214978e-03
4.049127497617021829e-03
6.956867915828617195e-03
3.644214740676216327e-03
5.692990652039569242e-03
4.049210153732208523e-03
3.644214740676216327e-03
4.507216755755587972e-03
9.771691953736619946e-03
3.644214740676216327e-03
3.644214740676216327e-03
5.284525393766109982e-03
4.049210153732208523e-03
4.057393898837108326e-03
4.941206908981496046e-03
4.049128316281160045e-03
4.941206908981496046e-03
4.462480162936060916e-03
4.471123706230028909e-03
3.644214740676216327e-03
4.859775526782419974e-03
4.458911905308036300e-03
3.644214740676216327e-03
4.057393898837108326e-03
4.470487936548043530e-03
4.454205566788201585e-03
4.049128316281160045e-03
4.049127497906649525e-03
4.445941983624984543e-03
3.644214740676216327e-03
5.264366302067757450e-03
5.268694621469372473e-03
4.855027755119992183e-03
4.057104270794831616e-03
4.846805605099367351e-03
4.049128287318355668e-03
4.507216755755587972e-03
9.256305441317589505e-03
4.875768409327039220e-03
3.644214740676216327e-03
5.030629921491179372e-03
4.470482619212226214e-03
1.182083945353690907e-02
3.644214740676216327e-03
4.462261428990909121e-03
4.057393898837108326e-03
4.049127497906649525e-03
5.183098874651262573e-03
6.509566311243085608e-03
4.073731877856269154e-03
4.061323160958531589e-03
4.871246520038322383e-03
3.644214740676216327e-03
4.479068515376508075e-03
4.057797191240432484e-03
4.859033970118081802e-03
4.057226554445019125e-03
4.057226554445019125e-03
4.458911905308036300e-03
4.458911905308036300e-03
4.914206933642842681e-03
4.478431581240846851e-03
4.890504092197471391e-03
3.644214740676216327e-03
9.450412182985970175e-03
5.677079982217247446e-03
3.644214740676216327e-03
4.471123706230028909e-03
4.462480162936060916e-03
4.494109194960697364e-03
7.328477834831281269e-03
4.916097649659459390e-03
6.914417775913817531e-03
9.105780646316502872e-03
3.644214740676216327e-03
3.644214740676216327e-03
3.644214740676216327e-03
8.173241526819691530e-03
3.644214740676216327e-03
3.644214740676216327e-03
6.053525364823705672e-03
3.644214740676216327e-03
6.069917712628454705e-03
3.644214740676216327e-03
6.458517881599275777e-03
5.324565054890582384e-03
5.251758035512791092e-03
5.087077446981900890e-03
6.559469703698566495e-03
5.904263481420303668e-03
6.549771233562377837e-02
3.644214740676216327e-03
1.778025921401347326e-02
3.644214740676216327e-03
7.458638125446682629e-03
3.644214740676216327e-03
3.644214740676216327e-03
3.644214740676216327e-03
3.644214740676216327e-03
4.484527598777728226e-03
5.337774520473557473e-03
4.884205587712205261e-03
7.031334300270899486e-03
4.053260888072610611e-03
5.288165429920449120e-03
5.304753421009951453e-03
4.053260888072610611e-03
4.053260888072610611e-03
4.053381515902642653e-03
6.490918215789451447e-03
4.445941983624984543e-03
9.257402354297346314e-03
7.096084933840145735e-03
5.617621842481568609e-03
3.644214740676216327e-03
3.644214740676216327e-03
3.644214740676216327e-03
3.644214740676216327e-03
3.644214740676216327e-03
5.701794549549687487e-03
1.064685628133949652e-02
1.062740793440126313e-02
3.644214740676216327e-03
4.057104270794831616e-03
6.123638424721981367e-03
4.057104270794831616e-03
4.874987929160775127e-03
3.644214740676216327e-03
3.644214740676216327e-03
4.053095634580087744e-03
3.644214740676216327e-03
4.053095634580087744e-03
3.644214740676216327e-03
3.644214740676216327e-03
3.644214740676216327e-03
3.644214740676216327e-03
3.644214740676216327e-03
3.644214740676216327e-03
4.057104270794831616e-03
4.049086998365343873e-03
3.644214740676216327e-03
3.644214740676216327e-03
3.644214740676216327e-03
3.644214740676216327e-03
6.098486771177549087e-03
6.109509565815338973e-03
4.871679220094777760e-03
5.288838500797496053e-03
4.470889354317020628e-03
4.070781005328674013e-03
4.467071908311295511e-03
4.053257202662722755e-03
4.454122832864713423e-03
4.053257202662722755e-03
8.524582372433472249e-03
4.863178003875155524e-03
4.919988546680919422e-03
1.001719941870814028e-02
7.326242554220508199e-03
5.336216432970348339e-03
7.792805033631450794e-03
4.462399126977685884e-03
6.540592331413847341e-03
6.487169392703118383e-03
4.497347269981131698e-03
4.445941983624984543e-03
1.114218940295688860e-02
9.932521323727148965e-03
4.053140056326716076e-03
5.689445403154230925e-03
5.280583513279155441e-03
4.472395874562417814e-03
6.126359312480781326e-03
3.644214740676216327e-03
3.644214740676216327e-03
5.506307686995202261e-03
4.254175348198677153e-03
3.644214740676216327e-03
3.644214740676216327e-03
4.045078362150600002e-03
3.644214740676216327e-03
9.938672633516392949e-03
2.684131353022663549e-02
4.879705390117248208e-03
3.644214740676216327e-03
5.305694558750105767e-03
4.575143630483663806e-03
3.644214740676216327e-03
1.010429708353314734e-02
5.744700039191166091e-03
4.449950619839727547e-03
8.342482844669846243e-03
8.063283611716109273e-03
3.644214740676216327e-03
6.514387628318094557e-03
3.644214740676216327e-03
3.644214740676216327e-03
3.644214740676216327e-03
3.644214740676216327e-03
1.118988290968589601e-02
3.644214740676216327e-03
8.805984997516438581e-03
4.450035294906303125e-03
6.626289345679957365e-03
8.572986267893299012e-03
6.197790941233728007e-03
4.920388878776402707e-03
4.921641862814300945e-03
4.858992660919432376e-03
1.098970665209511241e-02
3.644214740676216327e-03
6.081827138227040644e-03
1.503148550223949373e-02
4.471171229664605389e-03
5.731752249273860782e-03
3.644214740676216327e-03
3.644214740676216327e-03
4.057226141353032292e-03
6.208890652612782286e-03
5.363859389467048357e-03
4.865127758619708191e-03
1.782212323949463467e-02
3.644214740676216327e-03
3.644214740676216327e-03
4.858992660919432376e-03
5.799049862704449242e-03
5.271882191038047664e-03
5.679127133318737086e-03
4.054239438910770855e-03
5.331705593890220807e-03
4.550322550104567675e-03
4.858992660919432376e-03
4.462308504089930287e-03
4.909870908977980765e-03
4.479183826922359876e-03
4.475133426036228060e-03
4.879827037897391598e-03
3.644214740676216327e-03
4.487962993179196725e-03
5.306306905545025467e-03
5.745265218386871355e-03
7.005946398323859015e-03
5.284568162448374969e-03
4.066088866927706526e-03
8.714258408219629007e-03
4.066088866927706526e-03
4.454202211638520065e-03
5.323259834418904955e-03
3.644214740676216327e-03
3.644214740676216327e-03
3.644214740676216327e-03
3.644214740676216327e-03
3.644214740676216327e-03
4.858992660919432376e-03
3.644214740676216327e-03
6.875336676935582363e-03
6.466376412034660105e-03
4.729530674088904506e-03
5.740567912557525444e-03
5.694338231848987235e-03
4.915860530914592866e-03
4.463211943582243504e-03
4.455103060385154530e-03
3.644214740676216327e-03
4.054239438910770855e-03
4.507293343624946096e-03
9.363236394088817610e-03
4.054239438910770855e-03
4.462096787570401721e-03
6.098249906742635000e-03
4.053545868808130885e-03
4.062013375465661769e-03
3.644214740676216327e-03
4.454771430046343753e-03
4.053545868808130885e-03
4.560322416693235806e-03
8.863243064655312170e-03
3.644214740676216327e-03
5.405941903154299656e-03
3.644214740676216327e-03
3.644214740676216327e-03
4.049207257451786432e-03
1.397675430744275797e-02
8.136903197472138485e-03
3.644214740676216327e-03
4.454040238604264207e-03
2.343350812921196277e-02
4.065953737236654292e-03
5.694338231848987235e-03
4.045078362150600002e-03
5.263703771432727378e-03
4.846805605099367351e-03
4.045078362150600002e-03
4.045078362150600002e-03
4.045078362150600002e-03
4.057104270794831616e-03
4.045078362150600002e-03
4.045078362150600002e-03
4.045078362150600002e-03
3.644214740676216327e-03
4.855069188262585260e-03
1.018366494669091342e-02
4.045078362150600002e-03
4.045078362150600002e-03
5.289714460255255830e-03
4.449950619839727547e-03
4.045078362150600002e-03
4.045078362150600002e-03
4.045078362150600002e-03
4.045078362150600002e-03
4.045078362150600002e-03
3.644214740676216327e-03
4.445941983624984543e-03
3.644214740676216327e-03
3.644214740676216327e-03
4.045078362150600002e-03
4.045078362150600002e-03
4.045078362150600002e-03
4.045078362150600002e-03
4.045078362150600002e-03
4.045078362150600002e-03
3.644214740676216327e-03
4.045078362150600002e-03
4.045078362150600002e-03
3.644214740676216327e-03
4.453959256054471419e-03
5.287915934169780396e-03
4.045078362150600002e-03
3.644214740676216327e-03
4.065566121264233522e-03
3.644214740676216327e-03
3.644214740676216327e-03
3.644214740676216327e-03
4.850934500400554648e-03
3.644214740676216327e-03
4.045078362150600002e-03
3.644214740676216327e-03
3.644214740676216327e-03
4.911851822856604967e-03
6.103051143426717513e-03
4.057104270794831616e-03
6.515291022620095344e-03
4.057104270794831616e-03
4.866931364079110298e-03
3.644214740676216327e-03
3.644214740676216327e-03
3.644214740676216327e-03
3.644214740676216327e-03
4.859032771333396568e-03
4.049086998365343873e-03
3.644214740676216327e-03
3.644214740676216327e-03
4.912423723973564221e-03
3.644214740676216327e-03
4.057104270794831616e-03
4.057104270794831616e-03
3.644214740676216327e-03
3.644214740676216327e-03
7.794781503984157985e-03
1.295089012640115826e-02
4.053175807304383073e-03
3.644214740676216327e-03
6.512916647733699681e-03
4.474703281825836987e-03
4.478840942907174640e-03
4.462302904639572909e-03
4.058147656570990081e-03
4.970730288772745760e-03
6.689050483870708462e-03
5.284521248480991348e-03
5.786297685578463065e-03
9.773675011419737449e-03
3.644214740676216327e-03
3.644214740676216327e-03
7.002682605193575466e-03
3.644214740676216327e-03
7.096902276594028482e-03
4.053258401525556415e-03
4.514995734343340422e-03
4.053258401525556415e-03
4.462302904639572909e-03
4.053258401525556415e-03
4.053258401525556415e-03
4.466394139124212417e-03
7.034582700715745138e-03
4.053257202662722755e-03
4.084034014223284284e-03
4.454430612968947843e-03
4.462302904639572909e-03
4.450384158287809012e-03
4.088432206958755172e-03
4.061595195075405791e-03
6.137679388301676454e-03
4.053258401525556415e-03
4.462303755411975090e-03
4.462302904639572909e-03
4.462302904639572909e-03
4.458007978631362521e-03
4.053257202662722755e-03
4.912404362021229390e-03
9.271847263786709217e-03
4.505719967294890931e-03
4.074967353985553195e-03
4.074967353985553195e-03
4.505719967294890931e-03
4.505719967294890931e-03
4.505719967294890931e-03
4.074967353985553195e-03
1.539364065399245925e-02
6.633113924171541755e-03
4.106372964858035976e-03
4.462299664649229183e-03
4.513111340915331761e-03
4.462341358634844789e-03
5.296830669996803465e-03
4.879529166036051732e-03
4.049168786770465309e-03
2.428171247357114801e-02
4.474656867262789828e-03
8.317261267244469014e-03
4.088432206958755172e-03
1.499277703251807384e-02
3.644214740676216327e-03
3.644214740676216327e-03
3.051834672251399136e-02
5.350826689583145293e-03
5.304894396883761201e-03
4.053140056326716076e-03
4.462302904639572909e-03
7.539779947944611621e-03
4.462218678171783054e-03
4.906564797111359101e-03
7.979599221491679578e-03
6.507395348287817009e-03
3.016139851260370153e-02
2.481475250982567021e-02
5.536926066657740265e-03
8.958264966076377386e-03
4.846805605099367351e-03
6.122661658087424560e-03
4.454630949627375221e-03
3.644214740676216327e-03
7.321149009471483379e-03
2.913005795542534387e-02
4.462217848384087034e-03
4.867256108469143749e-03
3.644214740676216327e-03
1.951419733612970789e-02
4.458706596356359041e-03
3.644214740676216327e-03
4.920676013813674726e-03
4.061481427228647891e-03
4.879695254755916749e-03
1.164902404132633039e-02
1.284507307919117818e-02
1.947165763620469989e-02
5.689431124441124941e-03
4.061685158712675589e-03
4.863165294851221586e-03
4.462302062374895635e-03
4.883842133383205740e-03
4.465017040394987646e-03
3.644214740676216327e-03
5.728709995209852260e-03
6.111022247807755027e-03
5.306046729573458964e-03
4.061481427228647891e-03
6.102568782521570166e-03
5.397329337297499148e-03
3.644214740676216327e-03
4.871264375773105490e-03
4.053257202662722755e-03
4.859076878958963272e-03
4.901148717315853554e-03
5.455651814559083976e-03
5.598641077683035039e-02
4.088432206958755172e-03
4.454738369095925452e-03
4.085687061744201938e-03
4.489036964856615679e-03
4.470523889215154319e-03
9.206040620228957139e-03
4.462299664649229183e-03
4.944627205119661757e-03
3.644214740676216327e-03
4.458511323391380586e-03
3.644214740676216327e-03
4.465017040394987646e-03
5.272090602243930182e-03
6.546302253590177873e-03
4.597967579176376676e-03
3.644214740676216327e-03
5.275770568166348977e-03
4.963672561317420198e-03
6.110015632864992073e-03
4.530133621912802930e-03
4.871112081268149686e-03
1.066355210408899586e-02
7.508903501677566608e-03
3.866355908620009579e-02
4.497209454257426221e-03
4.470666693349063803e-03
2.658566653615151987e-02
4.088432206958755172e-03
4.976867139523831994e-03
4.057390180710358264e-03
8.552740355397646724e-03
1.683926908108537845e-02
6.562789264548059970e-03
4.470666693349063803e-03
4.470565620744500201e-03
1.413995545283521296e-02
4.471323096605131150e-03
8.597247895182055788e-03
9.622127961388733663e-03
4.454000144143862271e-03
1.405634267346376337e-02
5.289162704785752359e-03
4.466517310985424621e-03
4.880450226880197508e-03
4.951144182715145302e-03
4.470666693349063803e-03
4.886013488360535853e-03
4.470777958578670865e-03
4.470565620744500201e-03
4.082120600017382847e-03
5.289162704785752359e-03
8.245552693477183406e-03
5.326953058610669860e-03
4.466517310985424621e-03
4.875644441260490979e-03
4.875396596652010507e-03
4.908572552690229455e-03
7.348438527354457517e-03
4.061595195075405791e-03
4.082120600017382847e-03
4.508404842794088568e-03
5.709272112854828392e-03
4.474366838194655631e-03
4.871342126635735612e-03
4.462302904639572909e-03
3.644214740676216327e-03
4.045078362150600002e-03
3.644214740676216327e-03
4.045078362150600002e-03
3.644214740676216327e-03
5.271882992765290418e-03
5.263945091332855250e-03
4.454000144143862271e-03
3.644214740676216327e-03
6.879225054063884542e-03
3.644214740676216327e-03
6.057454630041396969e-03
5.487978893760435579e-03
4.896356103873783852e-03
3.644214740676216327e-03
4.445941983624984543e-03
3.644214740676216327e-03
4.972468946788361106e-03
4.088432206958755172e-03
4.088432206958755172e-03
4.053257202662722755e-03
4.053257202662722755e-03
1.124549451824583685e-02
4.053257202662722755e-03
3.644214740676216327e-03
6.061544641571300733e-03
4.859031945554335985e-03
4.896356103873783852e-03
5.295898033156777075e-03
5.307448358780877604e-03
5.551720417676536158e-03
3.644214740676216327e-03
3.644214740676216327e-03
4.057104270794831616e-03
4.061595195075405791e-03
4.462098791888509039e-03
4.045078362150600002e-03
4.858974576669373990e-03
4.059384654728102546e-03
5.074843998426455983e-03
3.644214740676216327e-03
3.644214740676216327e-03
4.450093682765502573e-03
4.059384654728102546e-03
4.059384654728102546e-03
4.597967579176376676e-03
3.644214740676216327e-03
3.644214740676216327e-03
4.053095634580087744e-03
4.454000144143862271e-03
4.453959256054471419e-03
3.644214740676216327e-03
4.462098791888509039e-03
4.462098791888509039e-03
4.462098791888509039e-03
4.121091159926296502e-03
4.053257202662722755e-03
4.982159423245612929e-03
4.933629433269551452e-03
7.129538083443587478e-03
4.458211248756971737e-03
4.458211248756971737e-03
4.449950619839727547e-03
4.045078362150600002e-03
4.057104270794831616e-03
3.644214740676216327e-03
3.644214740676216327e-03
4.045078362150600002e-03
4.057104270794831616e-03
4.049086998365343873e-03
4.045078362150600002e-03
4.454199774227356537e-03
3.644214740676216327e-03
4.057104270794831616e-03
1.493983412565143970e-02
6.499561493864831029e-03
4.860205555838425888e-03
3.644214740676216327e-03
4.045078362150600002e-03
4.445941983624984543e-03
3.644214740676216327e-03
4.445941983624984543e-03
3.644214740676216327e-03
3.644214740676216327e-03
3.644214740676216327e-03
4.049086998365343873e-03
7.123846343941504268e-03
1.520384168157356934e-02
3.644214740676216327e-03
1.057414113992872877e-02
3.644214740676216327e-03
4.057104270794831616e-03
4.049207257451786432e-03
4.454199774227356537e-03
4.454199774227356537e-03
4.454199774227356537e-03
4.859192291002926642e-03
4.049207257451786432e-03
3.644214740676216327e-03
3.644214740676216327e-03
3.644214740676216327e-03
4.859192291002926642e-03
3.644214740676216327e-03
4.049207257451786432e-03
4.049207257451786432e-03
4.049207257451786432e-03
4.049207257451786432e-03
4.049207257451786432e-03
4.049207257451786432e-03
3.641053968078639125e-02
6.601563636156105620e-03
4.871017767836421236e-03
1.762080378849097129e-02
5.751245526041125038e-03
3.644214740676216327e-03
5.750122780046328617e-03
5.297579006564183401e-03
9.098059183519737955e-03
5.379192327322271927e-01
8.176336351343498760e-03
6.539551284568132297e-03
3.644214740676216327e-03
2.740177744570263668e-02
8.858267445080350577e-03
2.138728027178333491e-01
1.531990898638183919e-02
1.311234999367601010e-02
2.839225033919307584e-01
6.094392141229447099e-03
6.102162371761291407e-03
4.053218327231407694e-03
4.879565578749734539e-03
4.053260888072610611e-03
4.053260888072610611e-03
2.427912260221489968e-02
5.312451312672503492e-03
6.661318517888532680e-03
6.609285754793986327e-03
4.457967892269215290e-03
4.798308253848088123e-02
1.641561574037275414e-02
7.531257803598916979e-03
4.898301833458762813e-03
1.286416865033632694e-02
3.932180873978696756e-02
1.111052113722210341e-02
3.644214740676216327e-03
4.045078362150600002e-03
1.125143052686696649e-02
4.049127489640240267e-03
4.973242158773442424e-03
8.275741572928901890e-03
4.053175807304383073e-03
4.068311680834762502e-03
3.644214740676216327e-03
3.644214740676216327e-03
6.057413741952006984e-03
3.644214740676216327e-03
3.644214740676216327e-03
3.644214740676216327e-03
3.644214740676216327e-03
4.454040238604264207e-03
3.644214740676216327e-03
3.644214740676216327e-03
4.053296066390824764e-03
4.867331826836963395e-03
4.053296066390824764e-03
3.644214740676216327e-03
3.644214740676216327e-03
4.053296066390824764e-03
3.644214740676216327e-03
3.644214740676216327e-03
3.644214740676216327e-03
4.871458717820042507e-03
4.053296066390824764e-03
3.644214740676216327e-03
3.644214740676216327e-03
4.490965406429265651e-03
3.644214740676216327e-03
4.085687061744201938e-03
4.855023309339592114e-03
3.644214740676216327e-03
5.373910048565237740e-03
4.888706940790713169e-03
4.893844433258292582e-03
3.644214740676216327e-03
3.644214740676216327e-03
3.644214740676216327e-03
3.644214740676216327e-03
3.644214740676216327e-03
3.644214740676216327e-03
3.644214740676216327e-03
3.644214740676216327e-03
3.644214740676216327e-03
4.053296066390824764e-03
3.644214740676216327e-03
4.053296066390824764e-03
3.644214740676216327e-03
4.461976528483959162e-03
3.644214740676216327e-03
3.644214740676216327e-03
3.644214740676216327e-03
3.644214740676216327e-03
4.058082486795035020e-03
3.644214740676216327e-03
3.644214740676216327e-03
3.644214740676216327e-03
3.644214740676216327e-03
3.644214740676216327e-03
3.644214740676216327e-03
4.045078362150600002e-03
3.644214740676216327e-03
3.644214740676216327e-03
3.644214740676216327e-03
4.858952987568288147e-03
4.053296066390824764e-03
3.644214740676216327e-03
3.644214740676216327e-03
4.085687061744201938e-03
3.644214740676216327e-03
6.985832041120302455e-03
3.644214740676216327e-03
7.705084700036414318e-03
3.644214740676216327e-03
3.644214740676216327e-03
3.644214740676216327e-03
3.644214740676216327e-03
3.644214740676216327e-03
3.644214740676216327e-03
4.053095634580087744e-03
3.644214740676216327e-03
4.450030792564022876e-03
4.053095634580087744e-03
3.644214740676216327e-03
4.450030792564022876e-03
3.644214740676216327e-03
3.644214740676216327e-03
3.644214740676216327e-03
3.644214740676216327e-03
7.661028573298130605e-03
3.644214740676216327e-03
3.644214740676216327e-03
3.644214740676216327e-03
3.644214740676216327e-03
4.085687061744201938e-03
4.085687061744201938e-03
5.337716072182315842e-03
4.490965406429265651e-03
4.045078362150600002e-03
3.644214740676216327e-03
3.644214740676216327e-03
4.045078362150600002e-03
3.644214740676216327e-03
3.644214740676216327e-03
3.644214740676216327e-03
3.644214740676216327e-03
3.644214740676216327e-03
3.644214740676216327e-03
4.057104270794831616e-03
3.644214740676216327e-03
5.267712407647471250e-03
5.247669226573751892e-03
5.263703771432727378e-03
5.263703771432727378e-03
6.466294635855878402e-03
3.644214740676216327e-03
6.450260090996902049e-03
5.247669226573751892e-03
3.644214740676216327e-03
3.644214740676216327e-03
4.864048433499137784e-03
6.530845761748661944e-03
3.644214740676216327e-03
3.644214740676216327e-03
3.644214740676216327e-03
4.887777996678618377e-03
4.053095634580087744e-03
4.053095634580087744e-03
4.449950619839727547e-03
4.846805605099367351e-03
4.846805605099367351e-03
4.846805605099367351e-03
6.049396469522519242e-03
3.644214740676216327e-03
3.644214740676216327e-03
5.259695135217983507e-03
4.846805605099367351e-03
4.846805605099367351e-03
1.366981391375055727e-02
4.445941983624984543e-03
4.445941983624984543e-03
3.644214740676216327e-03
3.644214740676216327e-03
4.445941983624984543e-03
3.644214740676216327e-03
3.644214740676216327e-03
3.644214740676216327e-03
3.644214740676216327e-03
3.644214740676216327e-03
3.644214740676216327e-03
4.445941983624984543e-03
3.644214740676216327e-03
3.644214740676216327e-03
3.644214740676216327e-03
3.644214740676216327e-03
3.644214740676216327e-03
3.644214740676216327e-03
3.644214740676216327e-03
3.644214740676216327e-03
3.644214740676216327e-03
3.644214740676216327e-03
3.644214740676216327e-03
3.644214740676216327e-03
3.644214740676216327e-03
3.644214740676216327e-03
3.644214740676216327e-03
3.644214740676216327e-03
3.644214740676216327e-03
3.644214740676216327e-03
3.644214740676216327e-03
3.644214740676216327e-03
5.368497580653205925e-03
1.572705014862166642e-02
3.644214740676216327e-03
3.644214740676216327e-03
3.644214740676216327e-03
4.045078362150600002e-03
3.644214740676216327e-03
3.644214740676216327e-03
3.644214740676216327e-03
3.644214740676216327e-03
3.644214740676216327e-03
3.644214740676216327e-03
3.644214740676216327e-03
3.644214740676216327e-03
3.644214740676216327e-03
3.644214740676216327e-03
3.644214740676216327e-03
3.644214740676216327e-03
3.644214740676216327e-03
3.644214740676216327e-03
3.644214740676216327e-03
3.644214740676216327e-03
3.644214740676216327e-03
3.644214740676216327e-03
3.644214740676216327e-03
3.644214740676216327e-03
3.644214740676216327e-03
3.644214740676216327e-03
3.644214740676216327e-03
3.644214740676216327e-03
3.644214740676216327e-03
3.644214740676216327e-03
3.644214740676216327e-03
3.644214740676216327e-03
4.462016614846106392e-03
3.644214740676216327e-03
3.644214740676216327e-03
3.644214740676216327e-03
3.644214740676216327e-03
3.644214740676216327e-03
3.644214740676216327e-03
3.644214740676216327e-03
3.644214740676216327e-03
3.644214740676216327e-03
4.061524599751812833e-03
3.644214740676216327e-03
3.644214740676216327e-03
3.644214740676216327e-03
3.644214740676216327e-03
3.644214740676216327e-03
3.644214740676216327e-03
3.644214740676216327e-03
3.644214740676216327e-03
3.644214740676216327e-03
3.644214740676216327e-03
3.644214740676216327e-03
3.644214740676216327e-03
3.644214740676216327e-03
3.644214740676216327e-03
3.644214740676216327e-03
3.644214740676216327e-03
3.644214740676216327e-03
4.478834458827409340e-03
4.061524599751812833e-03
4.061524599751812833e-03
4.061524599751812833e-03
3.644214740676216327e-03
4.061524599751812833e-03
4.061524599751812833e-03
4.061524599751812833e-03
4.061524599751812833e-03
4.061524599751812833e-03
4.061524599751812833e-03
4.061524599751812833e-03
4.061524599751812833e-03
4.061524599751812833e-03
4.061524599751812833e-03
4.061524599751812833e-03
4.478834458827409340e-03
4.061524599751812833e-03
4.061524599751812833e-03
4.478834458827409340e-03
4.061524599751812833e-03
4.061524599751812833e-03
4.061524599751812833e-03
4.061524599751812833e-03
4.061524599751812833e-03
4.061524599751812833e-03
4.061524599751812833e-03
4.061524599751812833e-03
4.061524599751812833e-03
4.061524599751812833e-03
4.061524599751812833e-03
4.061524599751812833e-03
4.478834458827409340e-03
4.061524599751812833e-03
4.061524599751812833e-03
4.061524599751812833e-03
3.644214740676216327e-03
3.644214740676216327e-03
3.644214740676216327e-03
3.644214740676216327e-03
3.644214740676216327e-03
3.644214740676216327e-03
3.644214740676216327e-03
3.644214740676216327e-03
3.644214740676216327e-03
3.644214740676216327e-03
3.644214740676216327e-03
3.644214740676216327e-03
3.644214740676216327e-03
3.644214740676216327e-03
3.644214740676216327e-03
3.644214740676216327e-03
3.644214740676216327e-03
3.644214740676216327e-03
3.644214740676216327e-03
3.644214740676216327e-03
3.644214740676216327e-03
3.644214740676216327e-03
3.644214740676216327e-03
3.644214740676216327e-03
3.644214740676216327e-03
3.644214740676216327e-03
3.644214740676216327e-03
3.644214740676216327e-03
3.644214740676216327e-03
3.644214740676216327e-03
3.644214740676216327e-03
3.644214740676216327e-03
3.644214740676216327e-03
3.644214740676216327e-03
3.644214740676216327e-03
3.644214740676216327e-03
3.644214740676216327e-03
3.644214740676216327e-03
3.644214740676216327e-03
3.644214740676216327e-03
3.644214740676216327e-03
3.644214740676216327e-03
3.644214740676216327e-03
3.644214740676216327e-03
3.644214740676216327e-03
3.644214740676216327e-03
3.644214740676216327e-03
3.644214740676216327e-03
3.644214740676216327e-03
3.644214740676216327e-03
3.644214740676216327e-03
3.644214740676216327e-03
3.644214740676216327e-03
3.644214740676216327e-03
3.644214740676216327e-03
3.644214740676216327e-03
3.644214740676216327e-03
3.644214740676216327e-03
3.644214740676216327e-03
3.644214740676216327e-03
3.644214740676216327e-03
3.644214740676216327e-03
3.644214740676216327e-03
3.644214740676216327e-03
3.644214740676216327e-03
3.644214740676216327e-03
3.644214740676216327e-03
3.644214740676216327e-03
3.644214740676216327e-03
3.644214740676216327e-03
3.644214740676216327e-03
3.644214740676216327e-03
3.644214740676216327e-03
3.644214740676216327e-03
3.644214740676216327e-03
3.644214740676216327e-03
3.644214740676216327e-03
3.644214740676216327e-03
3.644214740676216327e-03
3.644214740676216327e-03
3.644214740676216327e-03
3.644214740676216327e-03
3.644214740676216327e-03
3.644214740676216327e-03
3.644214740676216327e-03
3.644214740676216327e-03
3.644214740676216327e-03
3.644214740676216327e-03
3.644214740676216327e-03
3.644214740676216327e-03
3.644214740676216327e-03
3.644214740676216327e-03
3.644214740676216327e-03
3.644214740676216327e-03
3.644214740676216327e-03
3.644214740676216327e-03
3.644214740676216327e-03
3.644214740676216327e-03
3.644214740676216327e-03
3.644214740676216327e-03
3.644214740676216327e-03
3.644214740676216327e-03
3.644214740676216327e-03
7.491332145630360054e-03
5.330314478181693953e-03
9.486812950805575614e-03
9.905771076549886936e-03
3.644214740676216327e-03
3.644214740676216327e-03
6.490672866558551760e-03
4.045078362150600002e-03
3.644214740676216327e-03
4.045078362150600002e-03
4.445941983624984543e-03
4.045078362150600002e-03
2.106773835534196324e-02
3.644214740676216327e-03
3.644214740676216327e-03
4.892690512249017395e-03
3.644214740676216327e-03
4.871190768582160657e-03
5.740526157786205244e-03
4.458300046043289951e-03
4.474162782576780566e-03
4.470408970280000810e-03
5.736347035127367308e-03
4.057104270794831616e-03
4.061273252458165277e-03
3.644214740676216327e-03
4.049086998365343873e-03
3.644214740676216327e-03
3.644214740676216327e-03
5.706432877640091675e-03
3.644214740676216327e-03
4.462017817436970957e-03
4.458129440308669644e-03
4.462017817436970957e-03
4.858992272081719480e-03
5.288653923117809554e-03
4.061358726242979104e-03
4.049086998365343873e-03
9.150914657830550025e-03
4.061595195075405791e-03
4.471148027039389267e-03
3.644214740676216327e-03
6.107092860394766447e-03
3.644214740676216327e-03
6.107092860394766447e-03
3.644214740676216327e-03
6.107092860394766447e-03
3.644214740676216327e-03
6.107092860394766447e-03
3.644214740676216327e-03
4.049086998365343873e-03
4.462458816549789466e-03
6.964256409795323809e-03
4.061358726242979104e-03
5.272251149914097129e-03
4.879195385714497901e-03
4.888893335969713913e-03
4.454771430046343753e-03
4.462876996940044576e-03
6.229782066937482148e-03
6.082731088955531384e-03
5.279303294704428343e-03
3.644214740676216327e-03
3.644214740676216327e-03
8.207228945065120351e-03
4.874946231326869779e-03
4.065739675052585517e-03
4.884080828220561422e-03
4.065739675052585517e-03
5.710346030874773916e-03
6.574227968408816007e-03
4.065739675052585517e-03
6.155180771704920999e-03
4.049293611494363641e-03
3.644214740676216327e-03
4.507211996120571128e-03
3.644214740676216327e-03
4.057104270794831616e-03
3.644214740676216327e-03
4.085687061744201938e-03
3.644214740676216327e-03
4.045078362150600002e-03
4.850934500400554648e-03
4.085687061744201938e-03
4.253674752083175942e-03
6.892166742707540351e-03
4.522268103253444284e-03
6.930783773145438552e-03
8.083301552790213979e-03
8.755861477373569693e-03
9.328263576697396267e-03
6.729352849450328730e-03
5.328605212064912652e-03
3.644214740676216327e-03
3.644214740676216327e-03
3.644214740676216327e-03
4.078246107770334104e-03
3.644214740676216327e-03
3.644214740676216327e-03
3.644214740676216327e-03
3.644214740676216327e-03
4.859594774939883163e-03
3.644214740676216327e-03
3.644214740676216327e-03
5.709726561241623526e-03
6.960989297198466250e-03
4.045078362150600002e-03
3.644214740676216327e-03
6.549664731244940648e-03
6.135907258921632738e-03
8.667602030648339714e-03
4.462304027203193094e-03
4.495192497430483373e-03
4.462961538760069208e-03
1.309810231804498307e-02
4.462303769355523662e-03
2.450385313493469094e-02
4.063759299279289840e-03
5.512308427892395613e-03
5.929895094976313404e-03
4.896648773841130904e-03
4.879492541369412871e-03
4.462303764095430954e-03
4.458336032329774518e-03
4.462316919586661185e-03
5.689437299219095995e-03
4.065530587736028607e-03
4.462303764198569805e-03
4.482686084407475416e-03
4.472698747470946028e-03
5.481419756870478145e-03
3.644214740676216327e-03
6.106740430951186453e-03
4.053178212486112202e-03
4.450031618343082591e-03
3.644214740676216327e-03
3.644214740676216327e-03
3.644214740676216327e-03
3.644214740676216327e-03
3.644214740676216327e-03
3.644214740676216327e-03
3.644214740676216327e-03
3.644214740676216327e-03
4.854822877528855093e-03
5.762947693086281110e-03
3.644214740676216327e-03
5.710098054870135602e-03
4.875518877116210952e-03
4.871348275801880637e-03
3.644214740676216327e-03
3.644214740676216327e-03
4.045078362150600002e-03
4.253674752083175942e-03
4.458131184307766691e-03
4.458131184307766691e-03
4.458131184307766691e-03
4.253674752083175942e-03
4.458131184307766691e-03
1.141272441578944502e-01
5.077301992173512135e-02
3.644214740676216327e-03
7.697750086206913735e-03
5.292419829372822619e-03
3.644214740676216327e-03
3.644214740676216327e-03
4.871511161147851383e-03
3.644214740676216327e-03
3.644214740676216327e-03
4.499245504854183439e-03
4.900417799251674186e-03
8.974566863596180472e-03
4.507182288967198462e-03
3.644214740676216327e-03
3.589342916681084739e-02
3.644214740676216327e-03
6.551493188046747691e-03
4.253674752083175942e-03
4.253674752083175942e-03
4.454283319151126387e-03
3.644214740676216327e-03
4.061281516983325859e-03
4.254175348198677153e-03
3.644214740676216327e-03
4.057104270794831616e-03
4.896820355914064359e-03
4.053259252384791914e-03
3.644214740676216327e-03
3.644214740676216327e-03
3.644214740676216327e-03
3.644214740676216327e-03
4.045078362150600002e-03
4.658733819153325871e-03
4.253674752083175942e-03
4.253674752083175942e-03
3.644214740676216327e-03
3.644214740676216327e-03
3.644214740676216327e-03
3.644214740676216327e-03
5.312664603857809170e-03
6.883681222444153376e-03
4.045078362150600002e-03
4.879211914764819934e-03
3.644214740676216327e-03
4.049293611494363641e-03
4.061281516983325859e-03
3.644214740676216327e-03
3.644214740676216327e-03
3.644214740676216327e-03
3.644214740676216327e-03
3.644214740676216327e-03
3.644214740676216327e-03
3.644214740676216327e-03
3.644214740676216327e-03
3.644214740676216327e-03
3.644214740676216327e-03
3.644214740676216327e-03
3.644214740676216327e-03
3.644214740676216327e-03
3.644214740676216327e-03
3.644214740676216327e-03
3.644214740676216327e-03
5.510156135459204178e-03
3.644214740676216327e-03
3.644214740676216327e-03
4.846805605099367351e-03
4.053179047935348903e-03
7.000399026033645757e-03
1.947408415104950191e-02
4.253674752083175942e-03
4.445941983624984543e-03
6.182638791614281787e-03
3.644214740676216327e-03
5.072121780978882874e-03
4.507182288967198462e-03
4.658733819153325871e-03
6.342878435753014979e-03
3.644214740676216327e-03
3.644214740676216327e-03
3.644214740676216327e-03
3.644214740676216327e-03
3.644214740676216327e-03
4.846805605099367351e-03
4.871223098460076076e-03
3.644214740676216327e-03
4.253674752083175942e-03
3.644214740676216327e-03
5.268211543435118160e-03
1.158347301272191765e-02
4.476793364978108244e-03
5.309564351036448297e-03
4.057104270794831616e-03
4.049291520621198064e-03
4.863414903147921832e-03
4.859451353130658270e-03
6.912650226334918907e-03
4.045078362150600002e-03
3.644214740676216327e-03
3.644214740676216327e-03
3.644214740676216327e-03
3.644214740676216327e-03
3.644214740676216327e-03
4.077473026968279034e-03
6.479766836403249262e-03
3.644214740676216327e-03
3.644214740676216327e-03
6.073899025885480182e-03
3.644214740676216327e-03
3.644214740676216327e-03
3.644214740676216327e-03
3.644214740676216327e-03
3.644214740676216327e-03
3.644214740676216327e-03
4.985460711323790040e-02
5.907097477596873550e-03
3.644214740676216327e-03
4.470482203288618159e-03
4.462467332877232198e-03
3.644214740676216327e-03
3.644214740676216327e-03
6.984594034938873194e-03
1.085975992721512594e-02
3.644214740676216327e-03
4.253674752083175942e-03
3.644214740676216327e-03
3.644214740676216327e-03
3.644214740676216327e-03
3.644214740676216327e-03
3.644214740676216327e-03
3.644214740676216327e-03
3.644214740676216327e-03
3.644214740676216327e-03
4.474530115880476222e-03
4.253674752083175942e-03
4.253674752083175942e-03
4.253674752083175942e-03
3.644214740676216327e-03
3.644214740676216327e-03
3.644214740676216327e-03
3.644214740676216327e-03
3.644214740676216327e-03
4.846805605099367351e-03
4.049293611494363641e-03
3.644214740676216327e-03
3.644214740676216327e-03
5.276518129437768670e-03
4.065739675052585517e-03
5.264530223948805585e-03
3.644214740676216327e-03
6.449458078207298203e-03
4.045078362150600002e-03
4.045078362150600002e-03
3.644214740676216327e-03
9.906229686266693549e-03
5.680896551297879259e-03
3.644214740676216327e-03
4.053404148403690413e-03
3.644214740676216327e-03
3.644214740676216327e-03
4.065739675052585517e-03
5.648532848048136434e-03
4.445941983624984543e-03
1.066749269567331820e-02
4.863134763490136424e-03
3.644214740676216327e-03
4.053095634580087744e-03
3.644214740676216327e-03
3.644214740676216327e-03
3.644214740676216327e-03
3.644214740676216327e-03
3.644214740676216327e-03
3.644214740676216327e-03
3.644214740676216327e-03
3.644214740676216327e-03
4.253674752083175942e-03
3.644214740676216327e-03
3.644214740676216327e-03
3.644214740676216327e-03
4.445941983624984543e-03
3.644214740676216327e-03
3.644214740676216327e-03
1.264172947034754128e-02
4.458048064993510619e-03
9.852698817168076273e-03
4.453959256054471419e-03
4.454119601503061208e-03
